Total_time: 8.750488
N: 1000000 <T in usec>: 0.017501 usec B: 425723.717015 GB/sec F: 57139.670053 GFLOP/sec
Total_time: 0.197021
N: 300000000 <T in usec>: 0.019702 usec B: 113448250.108012 GB/sec F: 15226766.375073 GFLOP/sec
